матрица 1:
383 886 777 915 793 335 386 492 649 421 
362 27 690 59 763 926 540 426 172 736 
211 368 567 429 782 530 862 123 67 135 
929 802 22 58 69 167 393 456 11 42 
229 373 421 919 784 537 198 324 315 370 
413 526 91 980 956 873 862 170 996 281 
305 925 84 327 336 505 846 729 313 857 
124 895 582 545 814 367 434 364 43 750 
87 808 276 178 788 584 403 651 754 399 
932 60 676 368 739 12 226 586 94 539 

матрица 2:
795 570 434 378 467 601 97 902 317 492 
652 756 301 280 286 441 865 689 444 619 
440 729 31 117 97 771 481 675 709 927 
567 856 497 353 586 965 306 683 219 624 
528 871 732 829 503 19 270 368 708 715 
340 149 796 723 618 245 846 451 921 555 
379 488 764 228 841 350 193 500 34 764 
124 914 987 856 743 491 227 365 859 936 
432 551 437 228 275 407 474 121 858 395 
29 237 235 793 818 428 143 11 928 529 

Результат умножения - матрица 3
2775325 4073849 2921942 2697345 2862760 3021096 2508799 3003989 3519334 4015509 
1713283 2504901 2592706 2658618 2654343 1842939 1785517 2003982 3236801 3199318 
1868309 2541127 2268409 1856197 2176250 1732091 1647658 2131899 2085750 2849765 
1608698 1911093 1622537 1292466 1543952 1411068 1162666 1910442 1335020 1905743 
1990124 2922983 2378458 2290571 2315745 2174958 1808537 2165551 2686282 2940564 
2854774 3692467 3549794 2875661 3301806 2638899 2552623 2827893 3415159 3752479 
1988151 3036925 2927893 2711085 3128087 2249884 2087800 2280264 3060372 3430742 
2051735 3147706 2385983 2513188 2586721 2218372 2057199 2321970 2943326 3366317 
2003731 3089069 2793360 2567195 2516421 1889574 2241416 2031166 3306880 3223549 
1894985 2855298 2095689 2201402 2204973 2115665 1088023 2211205 2508126 2930434 
